++344 7 0

++344 6 0

++128 5 1
6 
++3 1 2
6 5 
++128 4 1
6 
++128 3 1
6 
++101 3 2
6 3 
++101 2 2
6 3 
++93 2 3
6 3 2 
++85 2 4
6 3 2 2 
++85 1 4
6 3 2 2 
++84 1 5
6 3 2 2 1 
++83 1 6
6 3 2 2 1 1 
++82 1 7
6 3 2 2 1 1 1 
++81 1 8
6 3 2 2 1 1 1 1 
++80 1 9
6 3 2 2 1 1 1 1 1 
++79 1 10
6 3 2 2 1 1 1 1 1 1 
++93 1 3
6 3 2 
++92 1 4
6 3 2 1 
++91 1 5
6 3 2 1 1 
++90 1 6
6 3 2 1 1 1 
++89 1 7
6 3 2 1 1 1 1 
++88 1 8
6 3 2 1 1 1 1 1 
++87 1 9
6 3 2 1 1 1 1 1 1 
++101 1 2
6 3 
++100 1 3
6 3 1 
++99 1 4
6 3 1 1 
++98 1 5
6 3 1 1 1 
++97 1 6
6 3 1 1 1 1 
++96 1 7
6 3 1 1 1 1 1 
++95 1 8
6 3 1 1 1 1 1 1 
++128 2 1
6 
++120 2 2
6 2 
++112 2 3
6 2 2 
++112 1 3
6 2 2 
++111 1 4
6 2 2 1 
++110 1 5
6 2 2 1 1 
++109 1 6
6 2 2 1 1 1 
++108 1 7
6 2 2 1 1 1 1 
++107 1 8
6 2 2 1 1 1 1 1 
++106 1 9
6 2 2 1 1 1 1 1 1 
++120 1 2
6 2 
++119 1 3
6 2 1 
++118 1 4
6 2 1 1 
++117 1 5
6 2 1 1 1 
++116 1 6
6 2 1 1 1 1 
++115 1 7
6 2 1 1 1 1 1 
++114 1 8
6 2 1 1 1 1 1 1 
++128 1 1
6 
++127 1 2
6 1 
++126 1 3
6 1 1 
++125 1 4
6 1 1 1 
++124 1 5
6 1 1 1 1 
++123 1 6
6 1 1 1 1 1 
++122 1 7
6 1 1 1 1 1 1 
++344 5 0

++344 4 0

++344 3 0

++317 3 1
3 
++317 2 1
3 
++309 2 2
3 2 
++301 2 3
3 2 2 
++301 1 3
3 2 2 
++300 1 4
3 2 2 1 
++299 1 5
3 2 2 1 1 
++298 1 6
3 2 2 1 1 1 
++297 1 7
3 2 2 1 1 1 1 
++296 1 8
3 2 2 1 1 1 1 1 
++295 1 9
3 2 2 1 1 1 1 1 1 
++309 1 2
3 2 
++308 1 3
3 2 1 
++307 1 4
3 2 1 1 
++306 1 5
3 2 1 1 1 
++305 1 6
3 2 1 1 1 1 
++304 1 7
3 2 1 1 1 1 1 
++303 1 8
3 2 1 1 1 1 1 1 
++317 1 1
3 
++316 1 2
3 1 
++315 1 3
3 1 1 
++314 1 4
3 1 1 1 
++313 1 5
3 1 1 1 1 
++312 1 6
3 1 1 1 1 1 
++311 1 7
3 1 1 1 1 1 1 
++344 2 0

++336 2 1
2 
++328 2 2
2 2 
++328 1 2
2 2 
++327 1 3
2 2 1 
++326 1 4
2 2 1 1 
++325 1 5
2 2 1 1 1 
++324 1 6
2 2 1 1 1 1 
++323 1 7
2 2 1 1 1 1 1 
++322 1 8
2 2 1 1 1 1 1 1 
++336 1 1
2 
++335 1 2
2 1 
++334 1 3
2 1 1 
++333 1 4
2 1 1 1 
++332 1 5
2 1 1 1 1 
++331 1 6
2 1 1 1 1 1 
++330 1 7
2 1 1 1 1 1 1 
++344 1 0

++343 1 1
1 
++342 1 2
1 1 
++341 1 3
1 1 1 
++340 1 4
1 1 1 1 
++339 1 5
1 1 1 1 1 
++338 1 6
1 1 1 1 1 1 
11 266